11111100011000110001100011000111111
00010001100101000010000100001000010
11111000010000111111100001000011111
11111000010000101111000010000111111
10001100011000111111000010000100001
11111100001000011111000010000111111
11111100001000011111100011000111111
11111000010001000100010000100001000
11111100011000111111100011000111111
11111100011000111111000010000111111
11111100011000110001100011000111111
00010001100100000010000100001000010
11111000010000111111100001000011111
11111000010000101111000010000111111
10001100010100010111000010000100001
11011100001000011111000010000111111
01011100001000001111100011000111111
11111000010001000100010000100001000
11110100010000110111110011000111111
01111100011000111111000010001011111
11111100010000110001010011000111111
00010001100001001010000100001000010
11111000010001011111100001000011111
11111000010000101111000010000111011
10001100011001111101000010000000001
10111100001000011111000010000111111
11111100001000011011100011000111111
10111000010001000100010000100001000
11110100011000111111100011000111111
11111100010000111111000010100110011
11111100011000010001000011000111111
00010001100101000010000100001000010
11110000010000101111100001010011011
11111000010000101111000010000111111
10001100011000111111000010000000001
11101100001000011111000010100110111
11111100000000010111100011000111111
11111000000001100100010000100001000
11111100011000111111100011000111111
11110100011000111111000010000111111
11111100011000110001100011000111111
00010001100101000010000100001000010
01111000010000111110100011000001111
10110000010000101111000010000011111
10001100011010111011000010000000001
11111100001000011111000010000111111
11111100001000010111100000000111111
11111000010000100100010000100001000
11111100011000111111100010000111111
11111100011000101111000011000101111
01111100011000110001100011000111111
00010001100101000010000100001000010
11011000010000111111100001000011111
11111000010000101111000010000111111
10001100010000111110000010000100001
11111100001000011111000010000111111
11111100001000001110100011000111111
11111000010001000100010000100001000
11111100011000111111100011000111111
11101100111000111111000010000111101
11111100011000100001100011000111111
00010001100101000010000100001000010
01111000010000111111100001000011111
11111000010000101111000010000111111
10001100011000111111000010000100001
11111100001000011111000010000011110
11111100001000011111100011000111111
11111000010001000100010000100001000
11111100011000111111100101000101111
11111100000000111111000010000111111
11111100011000110001100011000011111
00010001000001001010000100001000010
11111000010000111111100001000011111
11111000100000101110000010000111110
10001100011000111011000010000100001
11111100001000011111000010000101110
11111100001000011111100011000111111
11111000010001000100010000100001000
11111100101000111111100011000111111
11111100011000111111000010100110101
11101100011000110001100001000111111
00010001000101000000000100001000000
11111000010000011110100010000011111
11111000010000101110000010000001111
10001100001000111111000010000100001
11111100001000011111000010000111111
11111100001000011111100011000101111
11101000110001000100010000100001000
11111100011000111111100011000011110
11010100011000111111000010000111011
11110100011000110001100011001111101
00010001100101000010000100001000010
10110000010000110111100001000011111
11111000010000101111000010001111010
10001100011000111111000010000100001
11111100001000011111000001000101111
10111110001000011111100011000111011
11111000010001000100010000100001000
11111100010100111101100111010101011
11111100011000111111000010000111110